SinCos
1	0.000183 / 0.000024	404.772739
1	0.000014 / 0.000351	404.965059
1	-0.000211 / -0.000226	404.531779
2	0.000122 / 0.000149	225.209424
2	-0.000095 / 0.000403	225.211664
2	-0.000121 / -0.000078	224.346703
3	-0.000146 / 0.000479	184.801719
3	0.000012 / 0.000415	185.113718
3	0.000102 / -0.000369	185.318199
4	-0.000041 / -0.000243	147.260254
4	0.000016 / 0.000089	146.934494
4	-0.000207 / -0.000020	146.704414
5	0.000009 / 0.000110	130.457043
5	0.000217 / -0.000466	130.508883
5	0.000253 / 0.000013	128.546963
BitCount
1	749995608	230.947348
1	750002573	257.653925
1	749994654	232.711509
2	750015525	35.056022
2	749994490	35.063383
2	750003652	35.055702
3	750002897	46.917470
3	749987174	47.343070
3	749992602	46.830430
4	This CPU doesn't support XOP instruction set.0.000000
4	This CPU doesn't support XOP instruction set.0.000000
4	This CPU doesn't support XOP instruction set.0.000000
5	749978439	47.672031
5	750001358	46.298909
5	750013174	46.577949
