SinCos
1	-0.000108 / 0.000542	182.713397
1	-0.000241 / -0.000410	182.296117
1	-0.000193 / -0.000140	184.289718
2	0.037735 / -0.000581	197.624127
2	0.038014 / -0.000103	197.432127
2	0.037950 / 0.000446	195.695806
3	0.000164 / -0.000187	182.557557
3	0.000094 / -0.000511	183.252917
3	0.000387 / 0.000001	183.330037
4	-0.000488 / 0.000444	158.287461
4	0.000104 / -0.000164	160.676903
4	0.000164 / -0.000182	157.460581
5	-0.000037 / 0.000055	122.187278
5	-0.000200 / 0.000086	121.219917
5	-0.000116 / -0.000263	122.344078
BitCount
1	750018142	75.096048
1	749985960	74.529967
1	749995042	74.997488
2	750002267	34.381462
2	750003782	34.414422
2	750002314	34.477463
3	750004016	44.472028
3	749991643	44.144029
3	750015061	44.305948
4	This CPU doesn't support XOP instruction set.0.000000
4	This CPU doesn't support XOP instruction set.0.000000
4	This CPU doesn't support XOP instruction set.0.000000
5	750023961	22.786255
5	749998210	23.233295
5	750000563	23.383375
