SinCos
1	-0.000087 / 0.000315	338.650739
1	-0.000218 / 0.000161	348.276331
1	-0.000228 / -0.000103	349.656516
2	0.037992 / -0.000081	285.009627
2	0.037861 / -0.000156	280.632127
2	0.038111 / -0.000174	275.616966
3	0.000152 / -0.000035	268.059197
3	-0.000075 / -0.000456	273.469715
3	-0.000150 / 0.000081	323.174647
4	0.000159 / -0.000192	248.901720
4	0.000113 / 0.000009	255.936064
4	-0.000143 / 0.000206	260.716955
5	0.000180 / 0.000084	188.482845
5	0.000038 / -0.000145	191.554236
5	0.000019 / 0.000190	180.000045
BitCount
1	749983487	91.259502
1	749989718	91.397386
1	750000247	91.620054
2	749996617	49.734383
2	749995530	49.489403
2	749996927	49.429163
3	750012749	65.660273
3	750000511	73.860166
3	749991648	64.899899
4	This CPU doesn't support XOP instruction set.0.000000
4	This CPU doesn't support XOP instruction set.0.000000
4	This CPU doesn't support XOP instruction set.0.000000
5	749990728	30.728178
5	749996849	30.154328
5	749982555	30.443930
