SinCos
1	0.000331 / 0.000091	457.499649
1	-0.000006 / 0.000265	464.936045
1	0.000216 / 0.000202	462.600039
2	-0.000353 / 0.000094	282.346982
2	-0.000003 / 0.000185	282.180539
2	0.000293 / -0.000104	286.187224
3	0.000628 / -0.000044	240.207853
3	0.000173 / 0.000198	240.642925
3	-0.000336 / -0.000260	242.933416
4	0.000349 / 0.000232	183.415030
4	0.000075 / 0.000633	179.753280
4	0.000352 / -0.000016	183.938010
5	0.000067 / -0.000190	160.336992
5	-0.000266 / 0.000151	168.412387
5	0.000115 / -0.000147	160.456580
BitCount
1	750005609	263.460813
1	750005461	268.941390
1	750006700	319.784204
2	749997104	57.007905
2	749998576	57.073947
2	750001899	57.169886
3	749990732	69.994489
3	750008066	69.566557
3	749994005	69.535320
4	This CPU doesn't support XOP instruction set.0.000000
4	This CPU doesn't support XOP instruction set.0.000000
4	This CPU doesn't support XOP instruction set.0.000000
5	749995957	58.769168
5	750007034	58.758905
5	750003094	58.801743
