SinCos
1	-0.000134 / -0.000098	1567.576618
1	-0.000204 / -0.000125	1492.351882
1	0.000310 / -0.000196	1507.434614
2	-0.000009 / 0.000008	997.259779
2	0.000061 / 0.000159	899.369089
2	0.000183 / 0.000105	997.993219
3	0.000042 / 0.000321	1051.851454
3	-0.000120 / 0.000155	1035.472339
3	0.000279 / 0.000181	1062.439088
4	-0.000158 / -0.000164	797.009412
4	0.000155 / 0.000139	793.296905
4	-0.000175 / 0.000232	813.145071
5	-0.000433 / 0.000279	610.483187
5	-0.000309 / 0.000145	628.213980
5	0.000007 / 0.000118	616.860651
BitCount
1	749995519	605.079546
1	749997515	580.843800
1	749992402	606.560247
2	750009716	163.519279
2	749978422	173.830434
2	749996628	240.838348
3	750016545	338.547023
3	749997743	284.511380
3	750001774	265.503404
4	This CPU doesn't support XOP instruction set.0.000000
4	This CPU doesn't support XOP instruction set.0.000000
4	This CPU doesn't support XOP instruction set.0.000000
5	750000321	184.418068
5	749995447	186.380305
5	749993234	183.837461
